0:
#.#
###
#.#

1:
###
##.
.##

2:
###
..#
###

3:
.##
.##
###

4:
..#
.##
##.

5:
###
##.
#..

46x43: 36 32 37 30 35 39
45x36: 39 26 24 26 26 39
48x49: 71 54 57 70 51 56
49x50: 63 66 53 62 65 70
40x38: 28 25 38 18 27 20
36x42: 35 38 32 41 36 52
42x49: 36 37 42 35 36 38
46x41: 44 58 43 50 46 49
37x38: 32 32 49 32 39 33
50x43: 60 54 47 55 61 56
47x41: 32 33 34 37 28 31
41x49: 56 29 36 28 28 30
44x35: 26 29 27 29 18 24
44x45: 40 39 32 38 33 28
38x35: 35 38 36 32 32 31
44x37: 38 55 38 37 39 43
44x39: 25 32 35 35 29 25
49x38: 39 32 17 33 36 34
50x47: 67 61 51 62 44 74
49x47: 70 73 36 52 61 64
50x50: 48 42 41 47 37 40
42x47: 69 41 51 42 52 49
37x50: 40 56 51 44 48 46
42x47: 32 38 29 41 30 40
47x39: 38 31 30 30 37 29
36x37: 22 17 22 30 30 23
46x40: 43 53 39 57 41 49
41x48: 62 43 42 55 61 42
47x47: 40 36 48 30 40 30
38x48: 33 37 31 28 30 32
48x48: 43 39 44 50 42 37
50x38: 39 47 53 42 56 59
42x43: 34 36 38 33 29 25
50x36: 37 31 27 34 38 25
49x38: 57 49 53 38 37 50
35x38: 29 30 33 42 39 33
48x40: 42 47 50 47 53 59
47x40: 36 32 31 33 27 36
46x41: 28 38 31 37 31 29
39x50: 31 42 38 28 36 32
45x48: 57 52 60 59 45 57
40x38: 35 30 16 23 30 22
41x44: 38 30 33 24 24 33
36x39: 45 35 28 35 45 30
41x38: 28 30 21 24 26 26
42x39: 41 45 39 35 44 50
50x41: 30 32 33 29 38 46
36x40: 40 34 45 34 36 32
45x48: 60 64 54 47 54 53
46x43: 41 38 34 37 32 27
37x40: 39 25 20 25 28 18
41x41: 46 47 46 35 40 44
43x42: 35 26 27 37 35 36
37x48: 56 37 40 39 50 54
44x40: 53 42 36 52 41 46
46x50: 45 30 37 33 46 48
40x37: 25 22 28 23 39 18
48x47: 55 53 52 72 56 59
41x50: 60 44 55 53 57 47
36x40: 29 32 43 35 46 40
46x49: 43 39 50 42 32 34
46x36: 32 40 33 25 26 23
37x44: 27 31 31 23 25 31
44x36: 28 29 29 24 27 30
36x44: 27 26 30 29 26 30
42x44: 51 52 38 59 42 40
38x48: 30 38 35 27 27 34
46x43: 41 31 38 27 37 36
35x46: 33 47 46 36 44 43
39x40: 30 27 23 28 32 29
40x40: 36 34 37 41 52 51
46x38: 27 34 23 35 31 29
39x35: 35 38 38 34 31 33
42x36: 22 41 32 18 31 24
43x38: 31 27 28 26 31 24
42x38: 40 24 25 26 22 30
38x48: 53 40 44 44 54 48
45x44: 28 35 40 37 32 37
46x48: 33 48 43 33 42 41
50x35: 57 39 44 36 51 44
42x48: 44 52 56 50 55 55
49x43: 46 37 45 32 31 33
39x41: 37 38 42 39 43 49
44x38: 35 28 20 22 35 27
40x41: 41 39 40 43 51 41
35x44: 41 34 41 37 45 41
42x48: 56 41 59 51 49 54
37x40: 18 19 39 30 38 11
48x45: 52 47 65 65 59 44
45x45: 33 28 40 35 40 48
40x38: 27 30 23 17 28 31
37x36: 21 25 27 26 24 21
46x41: 30 28 39 29 32 36
41x44: 51 41 40 51 50 46
37x43: 19 23 32 33 25 35
46x45: 43 52 57 54 59 56
43x45: 51 36 57 52 47 55
38x37: 13 19 40 19 22 31
37x45: 19 39 24 30 37 31
37x48: 38 24 23 34 31 42
37x45: 30 39 30 26 21 33
36x48: 44 41 40 46 44 52
42x43: 38 39 44 55 53 52
47x44: 60 47 62 54 43 49
48x48: 35 49 49 42 36 45
39x46: 40 41 30 28 29 26
40x49: 44 42 43 27 28 24
35x49: 39 39 30 30 12 26
50x49: 60 79 53 53 62 71
42x45: 30 39 29 32 43 37
47x36: 38 31 21 29 29 31
50x47: 64 81 62 50 53 48
48x41: 46 43 48 51 55 63
49x38: 38 28 35 32 30 29
45x50: 58 52 57 55 64 63
42x42: 43 51 43 44 46 45
44x44: 34 29 43 25 30 35
50x41: 41 32 30 37 35 32
41x42: 37 52 43 48 45 40
50x37: 58 39 48 42 51 48
38x41: 24 28 23 23 29 29
36x49: 30 35 28 32 33 34
43x40: 26 27 34 36 26 32
38x38: 32 34 43 35 41 39
48x46: 36 47 44 29 45 38
48x35: 46 45 41 48 46 32
42x50: 33 34 37 38 44 38
38x42: 23 32 26 33 24 30
35x44: 27 27 16 29 27 28
47x39: 29 34 36 33 25 37
39x45: 45 42 34 48 57 48
48x35: 52 51 39 38 39 38
47x46: 40 47 34 33 32 38
40x39: 25 31 27 31 29 25
47x36: 22 24 37 37 36 24
45x38: 28 40 22 30 32 28
38x47: 38 30 27 16 33 36
46x37: 36 36 39 59 57 38
37x50: 48 60 47 38 44 47
48x44: 66 45 52 66 59 36
40x42: 32 42 42 47 52 47
40x50: 53 51 70 48 37 44
42x35: 23 27 20 28 28 28
40x50: 51 44 44 52 42 76
43x40: 36 37 27 31 30 20
43x37: 34 51 44 39 40 36
44x42: 35 63 46 43 52 47
36x35: 26 23 24 17 25 16
41x46: 26 41 24 38 31 35
43x46: 47 46 44 60 53 56
38x42: 33 39 20 17 31 28
50x43: 41 39 38 35 48 22
41x44: 29 35 30 36 28 23
35x47: 37 45 42 36 42 53
44x50: 31 42 48 39 29 34
41x39: 25 25 23 27 30 38
36x41: 42 36 40 30 33 46
43x42: 42 25 31 32 35 31
49x41: 29 38 37 35 37 32
43x47: 32 34 33 31 37 43
39x37: 37 37 27 39 39 45
36x37: 41 32 29 35 34 34
50x38: 30 27 29 28 47 30
47x45: 67 60 56 47 44 48
47x40: 46 55 43 44 53 50
38x37: 34 32 31 42 44 36
38x49: 43 44 40 52 49 61
38x48: 42 28 22 38 35 27
40x39: 37 42 46 37 47 32
44x49: 38 36 46 34 35 35
44x46: 44 39 31 32 31 33
39x45: 41 30 30 34 27 32
41x45: 40 33 36 17 32 37
35x50: 51 50 37 48 43 39
49x46: 32 35 44 37 46 45
43x48: 34 33 40 38 38 41
47x45: 59 52 62 52 57 43
38x37: 30 43 45 31 36 31
36x48: 39 42 46 42 46 53
39x46: 35 25 35 25 32 43
39x37: 28 37 22 21 13 34
37x50: 48 41 46 54 52 45
42x41: 24 25 32 31 30 39
46x45: 36 69 44 60 58 53
35x38: 35 31 30 40 33 36
38x36: 25 42 36 44 38 25
50x36: 22 34 36 27 41 32
43x45: 48 54 51 48 53 44
45x47: 36 40 38 41 38 32
41x48: 29 27 34 43 36 39
46x45: 65 55 40 62 45 49
48x47: 30 41 44 43 40 41
36x45: 31 31 21 37 34 26
41x41: 22 26 32 33 31 25
42x49: 32 46 37 33 35 41
36x38: 24 18 20 34 19 29
43x38: 35 24 24 33 31 21
42x40: 52 43 45 48 37 30
45x41: 28 35 28 32 36 35
50x46: 59 57 63 59 67 50
38x35: 37 34 44 33 23 30
50x49: 48 37 33 58 30 49
44x41: 45 54 39 43 55 44
41x38: 45 29 40 39 45 44
42x47: 57 48 46 47 46 60
35x42: 46 32 27 44 39 39
47x43: 34 25 47 33 36 34
50x47: 29 51 42 39 31 47
35x37: 41 38 33 33 29 23
35x41: 22 21 29 20 26 24
39x43: 37 45 39 48 49 42
41x44: 29 39 25 31 28 30
41x50: 35 38 38 29 37 30
36x41: 22 28 26 26 25 28
36x49: 31 36 29 33 30 32
41x36: 43 30 44 34 35 41
40x35: 27 26 24 19 22 24
42x48: 43 61 63 43 46 53
42x47: 24 41 37 34 35 39
49x47: 48 40 34 33 39 45
36x42: 26 26 29 32 23 31
41x42: 17 29 30 32 38 36
37x38: 26 41 37 39 31 42
44x36: 36 42 39 52 36 37
37x49: 33 33 24 30 37 35
45x44: 44 72 56 40 48 43
35x47: 43 35 45 34 47 52
39x37: 37 32 38 39 38 39
49x50: 63 61 50 61 76 71
44x46: 26 41 42 29 41 30
36x44: 33 26 25 27 25 31
38x49: 43 58 42 54 36 51
41x40: 33 49 42 49 43 36
39x39: 42 42 39 34 49 30
48x48: 44 31 45 42 42 52
49x42: 41 33 37 42 36 34
38x46: 42 47 49 44 40 46
46x46: 39 30 31 37 33 54
44x35: 31 50 35 35 42 46
36x37: 27 18 27 21 27 24
37x42: 44 41 38 36 38 42
50x45: 36 48 48 30 38 39
46x38: 36 42 60 44 33 52
48x41: 51 57 41 52 50 52
41x41: 31 22 29 29 25 33
49x44: 29 49 41 36 37 32
50x43: 62 57 43 52 66 54
44x45: 56 56 47 47 49 49
48x42: 34 46 42 40 33 29
39x42: 32 55 34 52 33 44
38x42: 31 22 28 21 31 34
38x41: 25 20 31 34 18 28
37x36: 26 17 33 24 27 16
41x38: 38 34 38 46 42 43
44x39: 28 30 37 30 33 23
42x44: 42 53 44 48 53 46
39x48: 39 34 35 43 30 27
39x45: 37 33 29 28 37 31
35x39: 22 34 19 27 22 18
39x37: 40 40 27 37 37 42
50x49: 42 37 42 47 49 39
39x42: 39 51 34 36 51 44
39x46: 42 45 50 53 49 37
49x35: 54 41 46 44 39 38
50x50: 42 39 42 45 41 47
45x36: 37 37 40 53 40 42
39x40: 34 23 30 26 28 28
42x49: 40 32 45 28 41 38
44x50: 46 52 58 59 59 67
46x48: 40 34 51 45 34 35
37x41: 49 36 37 38 38 35
47x37: 30 24 28 27 33 38
50x36: 32 44 31 32 24 29
39x41: 43 44 37 42 42 38
48x36: 29 56 39 44 53 48
39x46: 54 39 43 40 47 55
35x35: 24 18 14 24 26 15
37x43: 37 53 39 33 44 40
42x42: 43 46 54 37 52 41
50x49: 44 46 34 28 54 50
37x38: 33 29 34 42 37 43
42x39: 31 31 31 28 33 28
49x38: 46 43 64 34 51 50
45x44: 36 29 35 40 38 31
43x45: 41 46 44 53 66 53
37x41: 33 25 20 33 28 17
42x49: 39 35 35 42 34 39
40x50: 44 37 30 30 38 29
38x38: 27 19 26 23 26 22
44x38: 33 43 48 43 53 40
40x45: 47 50 45 44 35 54
44x45: 32 44 32 31 39 31
38x48: 33 32 34 36 29 28
40x46: 37 44 26 34 24 29
50x44: 41 55 64 56 55 69
43x43: 39 44 45 53 53 53
35x36: 29 31 28 34 42 33
39x46: 49 41 40 48 49 51
46x36: 48 34 43 50 30 47
39x42: 37 46 49 40 38 41
37x40: 29 21 18 25 32 30
45x38: 28 31 27 30 32 31
38x50: 57 46 55 41 48 45
43x43: 37 27 24 30 36 42
45x45: 41 47 37 32 36 31
38x44: 32 17 24 30 36 28
38x47: 50 35 45 64 43 36
38x40: 43 37 35 46 31 40
41x38: 30 17 25 25 33 25
38x44: 43 30 32 50 52 55
50x49: 61 61 74 51 70 62
36x42: 30 27 36 26 20 29
50x49: 52 65 70 70 56 62
46x49: 41 35 33 46 43 42
49x48: 48 51 29 43 45 39
40x48: 44 52 54 48 53 45
38x41: 37 36 43 41 38 45
38x41: 29 24 26 22 28 27
36x39: 17 31 26 21 26 35
45x36: 39 32 26 33 24 26
42x40: 23 35 26 27 38 32
43x40: 42 43 50 35 57 41
35x43: 36 44 36 43 37 35
46x40: 57 56 40 45 48 36
40x36: 27 26 23 26 28 25
50x42: 66 62 50 51 58 35
36x49: 28 35 34 33 36 25
43x39: 33 32 29 25 31 31
35x46: 25 25 31 26 31 27
50x36: 45 43 49 42 50 50
46x47: 62 56 49 54 50 61
40x47: 28 38 27 26 39 36
38x46: 57 39 45 37 55 38
41x35: 34 21 22 26 17 22
40x37: 34 52 30 45 30 34
42x37: 38 42 32 43 38 47
36x36: 18 25 25 31 21 24
43x42: 48 40 38 63 49 40
39x48: 31 46 53 53 61 48
40x42: 53 36 34 48 37 50
45x44: 52 51 53 57 48 42
45x47: 37 35 37 37 38 41
36x39: 25 26 32 24 29 19
48x39: 39 34 39 29 27 39
41x48: 59 50 49 46 45 53
47x40: 51 47 53 53 39 43
45x44: 40 36 41 30 25 38
46x38: 41 55 45 36 46 47
41x35: 40 43 32 31 35 40
46x41: 36 34 34 27 34 30
42x50: 39 60 55 54 63 55
37x41: 24 25 17 35 26 28
36x40: 25 33 29 26 13 30
40x48: 37 33 36 30 38 34
39x37: 22 22 21 23 36 31
43x36: 21 21 26 35 40 24
40x45: 49 37 53 43 47 49
36x39: 30 40 33 47 34 31
44x38: 28 26 35 25 29 25
38x35: 31 45 32 29 30 37
38x49: 51 45 44 53 52 42
43x47: 52 46 46 65 52 50
39x40: 27 27 29 30 29 27
36x48: 40 25 30 30 34 32
46x37: 28 34 26 28 35 29
41x42: 30 32 33 30 30 26
45x37: 29 23 20 31 40 36
38x39: 29 22 21 33 23 27
48x42: 61 38 48 53 59 54
35x49: 36 49 43 46 54 38
42x38: 48 38 43 37 37 42
46x43: 54 47 59 53 39 49
44x40: 29 23 31 29 32 38
46x35: 37 48 39 46 39 38
42x45: 45 51 50 53 46 45
49x39: 59 55 40 44 44 51
39x38: 17 26 32 21 22 38
36x46: 31 28 31 26 30 33
49x46: 44 47 50 30 31 38
48x43: 40 36 35 35 38 40
46x36: 33 30 30 25 30 32
42x46: 53 54 48 47 44 50
47x39: 30 30 35 35 29 35
43x40: 29 34 29 31 27 31
44x41: 42 48 49 38 52 51
43x50: 40 33 42 43 33 33
35x43: 38 28 47 49 30 37
47x40: 33 32 37 34 30 28
37x37: 20 22 20 25 30 26
48x37: 43 25 40 24 34 25
45x40: 45 37 25 25 33 30
37x38: 39 42 30 41 33 30
38x48: 52 47 37 48 50 48
49x49: 54 74 54 64 70 55
43x35: 37 37 36 43 43 37
48x44: 58 43 64 57 52 50
36x38: 17 25 19 30 28 24
38x41: 19 30 22 35 19 31
40x40: 36 26 23 19 30 34
38x42: 17 32 36 27 31 25
40x47: 50 40 47 48 54 53
49x49: 57 67 56 66 63 61
40x39: 40 43 36 41 43 38
44x41: 37 49 48 49 57 40
36x41: 24 33 31 28 18 21
50x50: 51 29 49 50 33 43
37x49: 26 28 34 37 32 34
38x42: 33 30 32 25 25 22
38x50: 35 32 42 28 32 22
38x49: 21 34 25 45 34 32
49x42: 31 37 40 37 43 36
39x46: 38 31 31 24 30 41
41x41: 45 43 36 49 43 43
38x44: 43 34 39 45 52 48
45x49: 37 31 38 51 40 43
38x45: 52 38 45 35 47 48
48x37: 21 35 28 33 32 42
36x43: 40 37 41 43 28 47
44x47: 31 41 35 32 37 34
50x49: 61 70 57 70 68 51
47x38: 25 30 15 38 31 40
42x50: 28 37 36 39 37 46
37x36: 35 35 30 36 37 33
36x50: 36 50 41 53 45 53
47x44: 54 50 56 48 58 54
47x37: 30 32 35 24 29 29
38x41: 43 45 38 43 36 33
49x35: 48 41 48 44 43 39
37x36: 36 28 27 37 37 42
35x40: 34 39 34 32 39 39
43x48: 58 49 62 56 44 45
45x37: 23 39 32 29 35 22
43x37: 15 32 37 26 30 28
39x41: 38 42 48 36 50 34
47x48: 61 55 53 69 50 57
48x38: 36 33 28 33 29 33
45x44: 45 34 28 34 29 40
49x43: 37 48 28 45 33 33
50x40: 32 31 43 38 36 27
50x39: 51 48 58 50 32 57
49x43: 43 54 53 56 52 68
47x35: 30 26 29 32 22 26
42x47: 34 39 30 30 39 38
39x46: 35 54 47 47 44 49
50x50: 59 66 67 61 68 65
50x35: 44 40 54 47 46 38
39x36: 25 35 30 21 22 23
42x48: 47 56 51 60 51 44
48x39: 30 41 36 31 33 36
40x41: 47 47 40 34 37 47
41x41: 35 26 30 29 18 30
39x35: 22 29 29 18 17 27
41x46: 51 48 55 44 51 41
48x37: 29 31 29 38 34 31
48x39: 52 49 52 44 46 44
38x48: 44 41 50 48 38 59
45x49: 46 46 31 36 41 40
50x38: 24 34 38 36 26 34
42x45: 46 57 47 42 51 49
38x40: 38 39 45 33 37 42
48x36: 43 44 52 46 46 34
38x49: 46 46 52 52 37 51
44x49: 50 28 33 36 38 38
46x39: 33 33 30 33 40 25
38x40: 28 22 32 22 24 27
35x46: 38 37 38 52 40 43
39x38: 45 32 37 43 23 45
39x41: 43 41 44 40 42 36
47x38: 46 48 42 56 47 35
39x48: 36 38 32 35 30 36
35x35: 23 20 25 18 16 18
37x38: 26 23 22 23 19 31
48x45: 43 37 51 27 51 31
35x42: 30 29 24 29 20 22
35x37: 33 31 31 40 31 33
49x37: 41 47 53 54 42 40
43x42: 47 58 46 40 46 40
41x36: 22 22 24 30 26 32
48x40: 56 51 56 40 51 41
50x39: 34 38 35 30 29 42
41x45: 30 61 43 46 50 56
47x42: 55 54 54 41 39 59
45x47: 55 55 58 60 37 56
35x49: 50 43 41 42 56 34
38x37: 40 26 48 39 24 36
46x42: 37 34 24 36 36 42
36x39: 26 34 21 36 16 22
44x47: 57 53 52 60 42 51
44x46: 36 31 29 27 40 47
44x48: 47 58 52 54 59 57
41x35: 31 38 45 35 32 39
47x47: 61 60 55 48 54 62
48x39: 38 33 32 40 31 33
42x41: 41 40 49 46 47 43
35x50: 55 33 48 50 43 39
36x48: 29 31 41 29 31 31
48x38: 39 52 52 43 47 48
41x36: 30 22 28 21 28 27
49x39: 38 39 33 38 29 31
40x49: 39 56 55 50 55 48
43x40: 32 30 34 32 20 34
35x35: 30 31 37 26 31 34
44x39: 38 45 48 49 45 39
48x42: 37 40 37 31 45 33
37x44: 47 44 49 36 34 38
47x50: 34 46 36 46 39 39
40x47: 60 41 36 49 57 49
40x44: 33 30 29 41 19 30
48x44: 26 31 46 44 33 43
42x36: 26 25 22 28 35 31
43x47: 47 54 56 47 48 59
37x49: 32 35 30 28 37 30
36x47: 54 46 41 33 33 52
44x38: 29 29 21 26 33 30
39x36: 27 20 29 27 31 21
40x49: 51 53 51 45 51 51
46x36: 27 25 33 35 27 32
49x46: 41 45 41 44 36 33
48x35: 34 43 48 51 37 44
42x45: 29 33 46 37 39 26
35x49: 44 39 39 43 49 53
37x50: 29 37 32 37 25 31
42x43: 32 32 26 37 33 35
48x40: 50 52 53 47 43 49
40x43: 35 28 33 31 27 28
44x47: 35 43 32 31 34 34
41x44: 38 26 28 32 31 27
46x49: 47 29 46 41 42 34
41x37: 37 38 36 43 38 42
36x44: 29 30 30 29 24 25
40x37: 40 34 43 31 39 42
35x50: 43 43 43 43 52 48
37x36: 19 29 23 28 18 26
41x41: 45 36 36 46 51 48
50x44: 54 56 57 59 58 55
36x45: 33 45 41 41 43 48
39x40: 48 36 35 44 36 40
43x38: 25 24 33 34 21 30
50x45: 33 41 41 41 39 44
46x45: 40 34 35 42 33 41
49x45: 36 42 46 32 39 45
41x46: 34 24 22 34 34 47
49x43: 73 40 64 46 51 49
50x41: 52 58 58 46 45 55
49x46: 35 45 45 39 35 40
42x46: 37 29 30 34 45 34
39x41: 37 36 42 43 44 46
38x48: 52 39 49 52 45 43
37x36: 27 23 14 27 27 25
38x46: 38 51 44 50 52 35
48x38: 48 45 50 46 44 47
36x50: 35 28 25 36 29 39
46x37: 21 37 30 37 30 24
36x39: 27 33 17 29 27 22
38x43: 39 43 46 48 40 34
50x50: 45 35 50 43 39 43
35x45: 24 32 25 28 21 35
46x35: 29 27 34 27 26 21
40x43: 39 46 51 42 40 46
45x48: 49 55 46 60 57 68
47x42: 44 52 47 57 48 56
42x47: 24 44 40 33 34 35
42x40: 31 29 35 29 23 34
42x40: 26 30 28 42 31 24
41x35: 38 37 40 29 39 39
49x45: 49 66 69 48 54 52
50x49: 77 73 56 60 41 64
50x47: 34 42 43 36 51 33
48x44: 40 32 38 35 42 36
35x47: 29 26 27 23 31 28
50x36: 39 49 49 47 49 45
47x35: 32 53 34 43 57 38
50x41: 51 54 52 55 49 54
48x50: 55 80 57 65 45 63
41x42: 25 28 26 39 31 32
42x39: 30 34 32 23 31 31
35x35: 27 31 28 32 32 40
44x38: 33 32 30 31 17 25
43x46: 55 50 56 39 57 49
42x35: 41 41 38 34 39 33
40x42: 43 39 53 45 39 38
36x45: 24 38 30 23 30 34
46x43: 41 35 34 34 32 34
45x40: 29 30 28 38 35 34
35x48: 55 49 39 33 43 39
50x48: 35 48 33 53 52 34
38x49: 32 41 39 24 27 28
40x41: 42 46 39 39 47 41
35x43: 39 34 35 37 36 52
48x40: 34 37 31 29 39 38
46x49: 40 32 37 47 45 38
45x37: 57 36 36 43 35 48
48x46: 41 65 57 56 68 56
38x43: 37 23 30 22 29 27
35x41: 31 26 18 22 28 17
41x38: 49 42 35 35 36 42
43x45: 25 34 41 30 42 37
44x38: 26 35 26 25 24 32
47x50: 48 60 67 59 71 60
44x47: 44 34 37 35 31 29
45x45: 49 57 53 52 49 51
43x45: 49 46 60 48 47 47
41x43: 33 26 29 28 35 30
50x38: 29 37 30 36 29 31
48x49: 66 70 52 56 56 61
46x46: 35 37 36 45 26 46
37x50: 49 41 57 43 54 42
47x41: 58 37 57 54 41 47
35x49: 54 39 50 31 48 43
41x39: 42 49 39 30 41 46
46x43: 34 39 44 26 43 24
47x48: 38 32 37 49 44 39
41x50: 33 35 35 35 26 43
37x36: 24 21 22 29 29 19
41x47: 57 43 47 43 66 45
42x49: 73 47 49 53 45 47
46x44: 33 27 27 44 37 41
44x47: 38 35 40 30 39 27
42x50: 63 49 48 60 45 56
45x48: 54 59 53 53 48 65
41x43: 27 25 41 26 27 35
39x44: 35 34 27 40 23 22
50x46: 56 58 60 58 54 68
40x50: 47 56 52 43 57 55
49x48: 41 42 40 44 41 47
42x39: 29 39 29 31 29 24
47x48: 49 66 57 64 61 50
47x46: 43 41 35 40 35 31
40x49: 36 25 30 32 40 45
39x46: 47 48 38 53 46 44
50x41: 50 62 64 46 48 43
46x37: 28 30 26 31 30 34
50x45: 41 39 37 33 44 45
50x47: 37 43 40 41 40 39
50x43: 40 27 39 33 45 40
35x47: 23 34 20 24 31 32
36x47: 38 40 52 43 39 48
50x50: 33 56 44 46 44 32
40x47: 50 40 42 43 52 66
49x41: 48 59 56 51 52 42
48x49: 49 40 48 42 35 41
46x41: 55 35 36 54 49 64
45x40: 48 34 50 55 58 34
50x43: 31 40 41 35 41 35
37x37: 26 19 23 20 26 30
36x43: 42 32 42 45 45 33
44x44: 62 59 48 40 46 41
47x38: 36 33 20 34 27 30
50x49: 56 70 55 64 72 63
42x47: 42 32 33 33 35 35
44x40: 23 31 33 32 38 25
48x40: 52 42 40 55 55 54
35x37: 23 29 18 18 23 20
36x47: 51 38 36 44 42 50
46x37: 45 44 42 37 49 47
40x37: 28 27 26 19 29 27
38x48: 32 54 53 40 50 54
43x45: 37 33 41 27 35 37
41x43: 48 44 47 44 37 50
45x40: 50 54 37 44 44 48
36x47: 32 27 34 26 31 29
41x44: 27 32 32 25 31 34
37x36: 37 36 24 37 37 35
47x50: 35 44 42 45 35 38
37x42: 40 42 43 44 34 34
39x47: 32 30 37 30 30 35
39x40: 30 24 22 35 30 28
47x38: 54 51 31 43 46 51
46x43: 51 44 57 45 53 56
35x41: 23 19 19 25 32 25
41x46: 52 49 42 42 61 48
39x42: 31 23 18 42 32 35
48x36: 50 42 42 43 49 41
47x41: 53 41 63 46 49 44
37x49: 27 30 27 33 35 39
36x42: 26 29 29 36 17 31
43x39: 43 42 49 44 42 37
49x43: 28 41 37 31 44 42
40x39: 29 41 51 43 42 34
35x50: 42 36 52 51 26 59
41x43: 40 44 49 46 45 48
49x46: 79 41 58 52 62 56
47x36: 38 30 40 53 45 57
44x46: 50 55 52 48 58 50
49x41: 55 59 46 42 62 48
48x42: 61 61 52 45 42 46
36x44: 37 44 46 38 36 42
36x42: 39 38 34 47 41 34
48x48: 44 41 57 44 34 36
38x46: 50 41 40 55 44 38
48x47: 33 39 52 45 36 35
42x39: 35 42 42 57 43 32
38x46: 26 25 28 28 36 36
41x37: 27 28 29 25 25 22
36x37: 28 40 37 33 27 39
41x48: 34 30 40 33 37 34
40x50: 68 41 41 53 60 47
41x44: 67 49 53 37 32 34
35x41: 19 27 27 22 20 27
42x44: 30 30 38 34 34 30
43x45: 40 57 43 61 47 49
47x49: 41 41 45 46 28 39
41x40: 29 27 22 31 29 31
43x47: 50 46 70 46 50 48
38x36: 28 21 26 22 24 23
41x37: 27 26 26 26 31 19
36x36: 24 24 23 18 25 30
35x38: 26 27 38 40 29 45
38x44: 30 25 25 20 37 30
37x37: 34 32 42 31 34 38
36x36: 21 27 15 24 19 38
36x39: 32 34 43 38 43 27
49x40: 37 56 53 62 51 42
39x45: 25 33 31 33 28 44
41x37: 25 21 26 32 29 23
43x39: 39 43 46 46 49 36
48x35: 38 40 44 56 44 36
48x36: 46 43 45 42 47 44
35x35: 21 17 8 26 22 27
42x44: 40 38 32 29 32 25
39x41: 28 25 35 25 25 30
38x43: 43 43 45 39 39 42
42x46: 32 38 28 38 44 30
40x41: 22 38 15 29 31 34
36x50: 31 23 28 34 38 38
50x39: 28 45 28 46 27 34
39x38: 33 25 29 18 25 26
47x39: 48 50 47 55 40 39
37x42: 36 47 41 36 43 37
40x49: 64 56 36 51 44 49
37x39: 19 30 22 32 30 23
47x36: 36 45 45 44 49 43
46x49: 26 42 43 42 35 52
40x50: 53 43 48 62 52 50
47x38: 22 37 35 21 28 36
49x50: 37 41 44 47 46 41
37x35: 37 32 24 33 41 35
38x38: 41 37 42 38 32 30
43x49: 40 27 38 40 41 37
36x48: 42 48 48 47 32 46
37x45: 45 39 46 39 38 49
47x38: 28 37 25 33 21 35
48x47: 34 50 37 32 46 40
42x49: 36 46 23 53 36 30
41x42: 41 47 48 37 39 53
35x40: 25 20 21 25 25 27
44x49: 53 49 59 60 60 52
50x48: 37 42 38 51 47 41
46x50: 51 62 61 53 62 67
48x44: 34 47 34 35 39 34
49x46: 36 35 44 35 51 38
37x45: 45 38 44 43 45 42
42x44: 60 45 39 51 43 45
48x36: 32 32 36 29 27 35
38x49: 58 48 52 50 30 43
49x44: 58 50 47 61 61 57
36x43: 22 28 22 28 28 39
39x37: 35 42 38 29 37 42
49x50: 70 68 53 70 52 61
47x46: 51 60 55 56 44 65
37x43: 34 38 44 39 44 48
38x39: 30 30 23 31 22 19
43x43: 43 39 43 60 51 50
47x42: 52 45 46 50 58 56
37x46: 35 36 27 30 26 25
36x42: 44 37 33 40 39 40
49x48: 59 66 60 57 59 61
37x37: 24 20 29 22 24 25
42x45: 50 62 48 40 54 37
35x44: 43 40 30 37 43 46
35x37: 38 31 36 30 37 28
47x40: 51 49 56 44 45 43
40x39: 34 43 37 40 43 45
42x48: 57 50 47 55 51 50
37x37: 25 23 18 29 24 24
44x44: 30 24 36 37 35 34
46x36: 28 29 26 35 32 29
42x47: 29 34 30 43 39 34
44x44: 48 40 56 58 51 45
37x46: 42 51 45 42 37 43
46x37: 25 26 30 32 33 34
35x37: 26 22 21 22 18 22
41x45: 48 44 49 41 50 54
37x49: 24 39 24 37 32 36
44x40: 23 27 32 36 35 29
46x47: 37 39 39 34 42 33
44x44: 28 33 31 33 41 29
42x35: 38 38 36 47 36 30
35x38: 18 21 24 24 21 23
42x48: 34 33 33 41 32 51
43x47: 46 68 59 44 47 45
40x47: 27 32 42 27 30 36
43x46: 48 54 51 53 51 47
44x38: 30 26 33 26 27 26
46x35: 34 32 27 24 26 21
40x46: 29 47 53 59 45 50
40x43: 40 58 40 37 44 46
50x35: 24 39 23 27 25 38
35x48: 27 34 27 31 27 29
35x37: 33 34 36 30 31 35
44x39: 26 36 29 37 25 29
39x50: 28 34 46 33 37 29
35x37: 18 22 23 33 8 28
38x49: 31 34 27 32 35 33
40x47: 34 22 39 42 25 33
43x41: 28 31 30 28 34 30
42x46: 33 39 35 37 35 31
38x46: 25 41 31 33 29 21
45x38: 41 48 35 43 44 54
39x45: 27 32 35 31 37 33
35x46: 22 28 37 30 25 22
45x39: 38 27 29 32 31 38
35x40: 20 20 30 22 30 21
39x48: 42 47 56 46 51 47
39x44: 42 40 46 47 48 42
42x40: 31 39 25 27 31 29
47x50: 35 44 30 42 45 43
45x47: 65 50 53 53 43 59
39x40: 36 42 38 51 40 32
49x35: 31 24 28 42 24 26
36x48: 58 44 49 41 29 40
41x47: 29 27 29 30 41 38
50x38: 28 35 32 26 30 41
37x37: 23 32 19 21 25 24
42x38: 35 25 31 24 24 28
47x35: 23 28 28 24 34 27
50x47: 37 46 38 33 35 51
49x42: 34 43 31 40 42 34
35x44: 18 32 32 23 32 16
49x35: 29 32 32 28 27 28
35x38: 28 19 23 23 16 22
47x39: 45 50 49 52 48 37
45x49: 65 62 59 45 58 50
45x37: 43 44 52 38 34 43
44x36: 29 26 20 26 30 36
46x43: 36 35 39 27 40 32
40x38: 35 37 49 38 28 45
48x35: 31 35 32 19 29 29
47x45: 29 36 47 41 38 34
50x35: 38 29 33 26 28 21
36x43: 25 29 29 37 22 25
36x40: 48 34 33 30 47 32
47x40: 42 55 48 45 55 46
36x45: 24 34 27 31 33 31
47x45: 37 43 44 35 37 29
46x36: 26 35 39 21 30 29
50x50: 57 35 34 43 41 46
37x38: 28 23 29 18 26 20
41x35: 34 42 43 29 36 37
39x35: 47 28 39 34 24 35
41x48: 48 37 29 33 26 35
35x48: 39 32 22 25 22 36
43x36: 23 31 24 36 17 37
45x45: 64 46 47 49 46 59
45x41: 37 51 46 53 45 52
35x40: 41 31 35 38 32 38
46x36: 27 24 30 27 32 40
38x48: 44 56 42 51 34 51
39x49: 32 36 35 31 33 40
37x47: 54 36 40 39 49 52
49x39: 52 46 45 67 44 37
39x37: 42 26 46 34 35 39
41x45: 37 26 27 34 24 46
37x38: 32 17 21 24 31 19
35x35: 32 46 30 25 27 27
35x37: 20 29 19 25 23 16
38x35: 14 17 27 27 21 26
35x50: 45 52 48 30 56 41
41x37: 25 35 27 15 24 29
42x47: 39 54 56 50 52 54
45x45: 46 56 57 54 45 52
36x37: 22 26 25 29 27 15
46x49: 58 60 55 55 49 69
38x47: 49 44 50 35 52 47
47x43: 46 42 51 69 56 48
40x49: 33 35 37 32 32 39
47x46: 37 30 33 43 35 46
47x36: 38 50 41 35 47 52
42x40: 55 38 51 36 35 41
38x39: 24 21 30 30 28 22
43x48: 39 37 29 39 42 37
35x41: 38 43 33 35 27 43
42x48: 36 34 43 43 31 36
49x38: 50 44 48 49 49 47
46x35: 47 39 36 50 31 42
48x38: 44 54 38 43 52 52
43x35: 36 39 38 43 40 36
50x41: 38 29 43 36 32 29
38x40: 21 23 19 33 34 25
45x48: 35 41 43 35 42 44
47x40: 42 52 52 51 43 48
48x49: 58 73 62 48 58 63
43x40: 25 35 35 31 26 29
41x50: 58 62 55 36 50 54
35x48: 33 29 27 27 31 28
45x38: 52 35 37 41 48 53
45x44: 50 55 52 49 55 44
43x50: 38 32 40 31 43 39
46x50: 61 62 49 69 63 50
40x39: 29 36 50 33 45 50
46x50: 41 39 45 39 37 38
44x44: 55 51 52 48 45 45
37x43: 28 32 28 31 23 26
49x39: 37 29 37 44 24 37
41x37: 32 40 41 37 52 35
39x35: 32 32 37 47 22 37
46x42: 52 52 47 47 51 49
36x37: 24 25 37 21 22 15
39x35: 41 39 20 43 35 32
37x41: 41 36 44 36 36 40
35x40: 20 26 31 17 19 30
50x44: 53 51 51 63 63 60
39x48: 54 46 46 42 43 57
44x35: 39 43 36 50 30 36
38x39: 43 36 41 32 42 35
38x49: 47 54 45 48 45 47
41x45: 46 40 46 59 41 51
37x47: 32 31 26 29 33 29
49x42: 71 43 56 60 42 40
44x38: 47 46 47 39 40 37
35x42: 24 27 24 28 25 26
37x43: 32 43 43 38 44 47
42x37: 42 39 46 35 39 38
45x37: 37 24 35 27 31 26
35x50: 25 27 32 29 34 28
35x41: 26 19 23 21 24 30
40x46: 38 54 45 46 45 56
36x46: 43 32 46 48 42 44
44x42: 50 50 48 49 52 35
41x42: 31 24 39 33 35 19
50x48: 34 47 43 45 42 44
36x35: 17 25 14 29 27 20
40x36: 26 15 32 30 28 25
39x46: 42 48 48 48 53 38
44x47: 59 63 49 54 45 45
49x40: 54 48 43 61 56 40
40x38: 23 27 27 30 27 21
46x39: 26 33 33 36 32 35
37x49: 45 53 52 37 51 42
39x40: 35 25 18 31 34 25
40x45: 33 29 32 41 32 27
38x35: 33 33 32 40 30 36
41x46: 48 43 56 42 42 59
41x48: 58 46 49 40 54 58
39x37: 29 25 22 28 26 26
42x44: 40 28 40 25 33 29
49x42: 35 40 37 34 33 45
44x42: 38 61 34 59 45 47
40x41: 28 27 25 37 30 22
35x48: 30 38 28 29 30 21
46x47: 57 63 60 42 55 56
39x47: 41 54 40 62 37 45
35x45: 28 29 21 26 32 28
45x42: 30 36 28 40 31 44
40x44: 21 31 34 32 34 29
38x47: 63 52 41 39 44 34
46x50: 65 56 70 56 58 47
44x49: 45 42 31 32 32 41
44x47: 34 31 41 38 32 33
39x35: 26 26 25 30 13 22
39x40: 44 38 44 35 44 36
43x44: 50 38 44 44 53 66
37x42: 34 26 25 23 27 33
41x49: 65 52 39 60 40 50
50x36: 30 22 37 32 31 39
41x35: 25 20 23 29 23 23
38x47: 33 30 18 28 35 35
50x35: 44 43 47 42 51 44
42x49: 53 49 58 43 44 70
40x43: 45 36 42 47 44 52
36x48: 34 31 40 29 33 25
44x37: 26 30 22 34 26 29
38x41: 39 44 31 43 43 41
49x47: 31 47 40 40 45 37
40x42: 28 32 33 33 26 29
43x48: 23 34 37 41 44 44
48x35: 22 28 26 29 29 42
50x48: 51 53 60 72 73 64
39x41: 21 31 34 30 25 28
41x37: 52 36 43 32 31 37
37x47: 30 36 32 27 30 25
41x41: 46 33 49 57 45 27
37x48: 35 27 27 45 32 25
36x35: 24 15 24 22 19 27
35x46: 24 31 31 33 19 26
38x44: 29 31 22 31 23 32
42x46: 39 27 44 29 40 30
39x43: 31 26 36 24 29 36
37x39: 44 29 33 38 36 43
46x45: 36 40 43 29 39 37
35x44: 34 39 40 45 38 41
44x45: 35 43 30 33 26 43
41x44: 45 45 39 49 47 54
46x42: 36 59 37 52 67 52
48x47: 40 49 38 38 38 37
35x43: 37 40 42 36 40 37
50x36: 56 43 49 39 47 43
41x50: 33 43 26 39 31 36
41x42: 27 32 30 23 37 32
40x46: 43 45 47 48 57 46
