[.#####..##] (0,1,3,4,5,6,8,9) (0,2,3,4,6,7,8,9) (9) (0,1,2,6,7) (4,5) (1,2,5,8,9) (1,5,6,8) (0,3,5,9) (0,1,2,5,7,8) (0,3,5,8) {56,49,25,47,23,67,40,13,63,54}
[##.#.#..#] (0,3,5,8) (0,2,3,4,5,7,8) (4,5) (0,1,4,5,6,7,8) (0,1,2,4,6,8) (1,2,3,7,8) (2,3,4,5,6,7,8) (3,5,6,7) {36,37,30,37,35,42,36,34,49}
[#..#....#] (2,4,6,8) (1,3,4) (0,1,2,4,5,7,8) (4,5,6,8) (1,2,3,5,6) (2,6,7,8) (0,2,3,4,5,6,7) (0,1,2,4,6,7,8) (0,2,3,4,6,7) (0,3,7,8) {65,49,88,60,82,65,88,67,78}
[..##.#...] (0,1,3,4,7,8) (0,1,2,3,4,6,7) (4,6,7) (0,2,3,6) (3,5,8) (1,8) (5,7) (0,1,2,4,5,6,7,8) (0,1,3,4,7) {16,26,1,26,18,17,4,25,32}
[.##.##....] (0,1,2,3,4,5,6,7,8) (1,3,5,8) (0,2,3,4,6,9) (3,5,8) (1,2,3,4,5,7,8,9) (0,1,3,6,7,8,9) (2,9) (0,3,4,6,8) (0,2,3,4,6,8,9) (1,2,3,5,7,9) (0,3,4,5,6,7,8,9) {34,48,222,69,43,49,34,37,53,209}
[#.##....#] (0,1,2,4,6,7,8) (2,6,8) (0,2,4,5,7,8) (2,3) (0,1,2,3,7,8) (0,1,4,6,8) (0,1,2,4,5,6,7) {59,40,74,20,47,38,40,54,52}
[.#.#] (0,2) (1,3) {8,20,8,20}
[.##.####.] (0,2) (0,1,2,4,5,7,8) (3,4,6,8) (1,2,3,4,6,8) (1,2,3,4,5,8) (0,1,3,6,7,8) (2,3) (0,6,8) (1,6,7,8) {48,57,53,45,21,12,49,44,61}
[...##] (1,2,4) (1,3,4) (0) (1,3) (1,2,3) (0,1,2,3) (1,2,3,4) {15,193,34,185,147}
[...#..#.##] (1,2,5,6,9) (0,6,7,9) (2,3,5,9) (1,5) (0,2,3,4,5,7,8) (0,1,3,4,6) (0,4,6,8) (3,4,5,6,8,9) (0,5,6,8) (1,4,5,7,8,9) {67,59,40,50,57,97,59,40,61,52}
[.#.#.##] (0,2,3,5) (0,1,3,4,5) (1,3,4) (0,6) (2,3,4,5,6) (1,2,4,5,6) {46,44,34,62,56,53,33}
[##..] (0,2,3) (1,3) (0,1,2) (0,1) {41,127,22,124}
[.#.#..#..#] (6,8) (2,3,5,6) (0,1,3) (0,1,2,3,4,6,7,8) (0,3,4,5,6,7) (0,1,4,6,9) (0,1,2,3,4,6,7,8,9) (0,1,4,5,6,7,8) (2,5,7) {59,44,64,65,53,51,74,69,42,20}
[.###] (1,2) (3) (0) (1) (0,1,3) {17,32,9,26}
[##.#####.] (0,3,4,6,8) (1,2,4,5,8) (0,2,5,8) (0,1,2,4,5,8) (3,6,7,8) (1,4,5) (0,1,2,3,4,5,7,8) (2,3,5,7) {32,42,63,31,47,71,6,26,52}
[###....#..] (0,5,6) (0,2,3,4,6,9) (0,1,2,3,7,8) (0,1,4,5,9) (1,9) (1,2,3,5,6,7,9) (0,8) (3,7,8) (0,5,6,7,8) (3,4,6,7) (1,2,3,4,6,7,8,9) (1,7) {68,61,54,74,52,47,85,75,37,59}
[.##.#..] (0,1,3,4,5) (1,2,4,6) (1,2,3,4,5,6) (0,3,4) (1,2,3,4) (0,2,4,6) (0,3,4,6) {50,26,31,45,68,16,47}
[#####.#.] (4,7) (1,2,3,4,5,6,7) (0,3,5,6,7) (0,2,3,5,6,7) (1,4) (0,1,2,3,6,7) (0,2,7) (1,3,4,5,6,7) (1,2,6) {57,27,58,54,25,42,54,82}
[.####] (1,3,4) (0,1,3,4) (0,2) (0,2,3,4) (1) {14,158,13,34,34}
[.###] (1,2,3) (0,1,2) {10,11,11,1}
[#.#.#.#..] (0,6,7,8) (0,1,2,3,5,7) (2,5,8) (1,2,3,4,5,6,7,8) (0,1,3,5,7,8) (4,5,8) (0,2,3,4,6,7,8) (1,3,4,5) (0,2,3,6,7) (0,1,2,5,7) (0,1,5,7) {72,62,85,73,61,92,61,91,85}
[.####] (1,2,3,4) (0,3,4) (0,2,4) (1,2,4) (0,1,2,3) {164,51,192,39,179}
[##.#..] (0,1,3) (0,1,2,3) (0,2,4,5) (0,2,3,4,5) (0,1,3,4,5) (2,3,4,5) {65,31,52,53,49,49}
[.##..#.] (0,3,4,5,6) (3,4,5,6) (0,2,3,4,6) (0,2,5) (2,5) (0,1,2,3,4,6) (0,2,5,6) {197,16,184,42,42,194,204}
[###..#.#..] (1,2) (6,7,9) (0,2,3,4,7,8) (1,2,3,4,6,8,9) (0,1,3,4,5,8) (0,4) (0,1,2,3,4,7,8) (2,3,5,8) {39,34,52,50,47,21,11,24,50,11}
[.##.##.##] (0,1,3) (3,4,5,6,8) (0,1,2,8) (2,3,6,7,8) (0,3,6,7,8) (1,3,7) (0,1,2,5,8) (4,5,6,8) (0,1,2,4,6,7) (0,3,4,5,6,7,8) {79,69,52,84,36,45,71,76,89}
[##..#...##] (0,1,4,5,6,7) (0,2,4,6) (0,5,7) (0,2,3,4,5,6,8,9) (0,1,3,4,5,6,7,9) (0,1,2,3,4,5,6) (0,2,3,6,7,8,9) (3) (1,4,8,9) {34,27,31,46,37,16,34,15,31,33}
[#.#..##] (2,3,5,6) (0,1,2,3,6) (2,4) (1) (0,1,2,4,6) (0,1,2,5,6) (0,1) (2,4,5,6) {68,77,187,23,153,27,67}
[.###.###] (3,4,6) (1,3,5) (0,4,6) (1,7) (0,1,3,4,5,6,7) (3,4,5,6,7) (0,1,2,3,4,5,6) (1,3,4,5) (1,2,4,5,6) {22,60,17,63,63,47,51,25}
[.#..#.##.#] (3,4,9) (0,1,4,7,8) (0,1,2,5,7,9) (0,2,3,4,5,8,9) (1,3,5,6,7,8) (6,8) (2,3,5,7) (0,1,2,3,8,9) (0,2,3,5,6,7,8,9) (2,3,4,7) (0,7,9) (0,2,3,4,6,7,8,9) (6,9) {116,50,101,91,64,58,67,96,95,132}
[##....#] (1,2,3,5,6) (0,1,6) (0,1,2,3,4,5) (0,1,2,3) (1,2,3,4,5) (0,3,6) {31,43,38,47,10,23,27}
[.#..#] (0,2,4) (0,3,4) (0,1,3) (1,2,4) (1,3) (1,2,3) {20,40,28,41,26}
[##.#] (1,2) (0,1,3) (0) (0,1,2) {147,48,35,13}
[#.###] (2,3) (1,2,4) (0,1,2) (0,3,4) (0,2,3) (3) (0,1) {36,28,47,47,19}
[###.#.#] (0,1,3) (2,5) (0,1,2,4,5,6) (2,3,4,6) (0,1,3,6) (0,1,5) {33,33,48,36,28,33,36}
[###.] (0,2) (0) (2,3) (1,3) {33,11,25,22}
[#....#.] (2,3,4) (1,2,5) (1,2,3) (1,6) (0,3,4,5,6) (0,5) (0,2) {24,33,36,32,18,24,19}
[###..#.] (0,2,3,6) (1,6) (4,6) (1,3) (0,2,5,6) {18,196,18,11,1,13,209}
[.#..####.] (2,4,6,7,8) (3,5) (0,2,4,6,7,8) (0,2,5,7,8) (0,1,4,5,7) (5,7,8) (0,1,3,4,5,6,7) (4,6) (1,2,3,5,6,7) {26,23,33,15,44,39,42,58,35}
[#..##.###.] (0,1,2,3,5,6,7,8) (0,1,2,4,6,7,8,9) (5,8,9) (3,4,6,7) (3,5,6) (1,4,8,9) (2,3,7,8,9) (0,1,2,6,7,8) (0,6,9) (0,5,7,8,9) (0,2,3,4,6,7,8,9) (1,4,6,9) (1,2,5,6) {225,56,230,208,204,28,256,231,235,246}
[#.##] (1,3) (0,2,3) (0,2) (0,1,2) (3) (2,3) {53,35,57,39}
[#.#..#] (0,1,3) (0,1,2,3,5) (1,2,4,5) (4) (1,3,4) (2,3,4) {25,52,30,38,37,30}
[.###.#...] (0,4,5,7,8) (1,2,3,4,5,7) (2,5,6,7,8) (0,1,3,4,5,6,7) (3,4) (0,1,2,4,5) (1,2,3,5,6,8) (2,3) (0,8) {47,47,35,49,71,61,29,43,19}
[#..#..#] (1,2,5,6) (1,3,4) (0,3,5,6) (0,2,3,4,5,6) (1,2,3,5) (0,1,3,5,6) (2,3,6) (4,6) {23,36,37,45,13,44,61}
[.#..#.####] (4,6) (0,2,5,6,8) (0,2,3,5,6,7,8,9) (2,3,4,5,7) (0,1,2,4,5,7,9) (0,1,2,9) (0,5,7) (1,3,4,5,6,7,8,9) {146,20,144,118,46,158,135,146,118,123}
[.#..####] (0,1,2,5,6,7) (1,2,4,7) (0,2,3,7) (2,5) (0,1,3,7) (0,3,6) (1,5,6) {22,38,50,12,14,38,24,36}
[#..#.] (1,2,3) (0,3) (0,1,2,4) {14,18,18,22,5}
[#..#.##] (0,1,2,4,5) (2,3,4,6) (0,3,4,5,6) (0,1,3,4) (2,4) (2,4,5,6) (0,1,2,4) (0,2,3,5) {71,46,68,43,70,42,14}
[.#....] (0,1,5) (0,1,2,4,5) (0,4,5) (4,5) (3,4) (0,3) (2,4) (0,1,3,4) {50,36,35,29,60,31}
[..###] (1,3) (4) (0,4) (0,2,3) (2) (0,1) {39,23,18,37,29}
[.#.#.#] (0,3,5) (0,2,3,5) (2,5) (2,3) (1,3,4) (1,5) (1,4,5) {22,39,31,40,27,55}
[.#.#] (1,3) (0,2) {15,0,15,0}
[###.] (0,2,3) (1,3) (1,2) {16,8,24,16}
[#.....##] (3,4,7) (0,1,2,4,6) (0,2,6,7) (2,4,5,6,7) (0,1,2,3,4,5,7) (2,4,6) (4,6) (1,2,3,4,5,6) (0,1,2,4,5,7) {13,29,61,23,69,47,63,34}
[#.#.] (1,2) (0,1) (0,2,3) {194,189,13,9}
[#.##...] (0,1,3,4,5) (0,1,2,3,5,6) (0,1,4,5) (0,2) (0,1,3,4,5,6) (3,6) (1,4) {48,37,29,46,24,32,38}
[...###.] (2,5,6) (0,1,4,5) (1,3,5) (0,4,5,6) (3) (1,2,4) {23,46,124,25,43,141,115}
[.#.#..#.] (3,7) (1) (0,2,3,4,5,6) (0,1,2,3,5,7) (5) (0,1,3,5,7) (4,5,7) (1,3,6) (2,3,5,6,7) {32,34,20,57,25,165,29,44}
[...##.#.] (0,1,2) (0,7) (2,4,5) (3,4,6) (0,1,3,4,7) (0,1,2,3,5) (0,1,3,4,5,6) (0,2,6,7) (0,2,3,4,5,7) (1,2,3,6) {183,49,189,47,42,15,170,162}
[..#...] (1,2,3,5) (0,1,3,4,5) (0,3) (1,2,4,5) {9,11,6,11,9,11}
[.##..] (0,2,3,4) (1,2,4) (0,1,3,4) {29,22,21,29,36}
[...#] (0,1,2) (1,3) (3) (0,1) (1,2) (1) {21,28,14,4}
[#.#...#] (0,1,3,4,5,6) (0,1,2,5) (0,1,4,5,6) (0,4) (0,2,3,5) {55,26,16,13,39,37,21}
[#..###..] (1,2,3,4,7) (5,6) (2,5) (0,1,4) (0,1,2,3,6,7) (0,1,5,6,7) {43,60,39,23,35,37,27,42}
[##.##.#.#] (0,1,2,4,5,6,8) (0,2,5,8) (0,4,5,7,8) (1,2) (0,3,4,5,7,8) (1,4,8) (0,4,6,8) (0,1,3,4,5,6,7,8) (1,3,4,5,7) (1,2,3,5,6,7) (0,1,3,5) {58,69,34,47,68,71,40,40,58}
[..#.#.] (3) (1,4) (1,4,5) (0,2,3,5) (0,2,5) (1,2,4,5) (1,5) (1) {18,58,20,26,34,56}
[##.###.] (0,1,3,4,6) (0,1,3,4,5) (0,1,2,4,5,6) (2,6) (1,3,6) (2,4) {23,43,40,29,38,23,45}
[####.] (0,1,4) (3) (0,1,2,3) (1,2) (0,2) (2,3,4) (4) {35,42,170,165,148}
[#..#..] (1,2,3,4,5) (2,4) (2,5) (1,5) (0,1,2,5) (3,5) (1,2,3,4) {17,19,31,2,14,18}
[..##..##..] (2,3,5,6,7,8) (0,3,4,5,7,8,9) (3,5,8) (0,2,3,4,5,6,7,8) (1,7,9) (0,5,8,9) (0,1,3,4,7,9) (3,5,6,7,9) {27,26,10,49,25,33,19,50,24,42}
[##.#...#] (0,1,2,4,5,6,7) (1,3,4,5,6) (3,5,7) (0,1,4,5,6,7) (1,2,3,6,7) (1,4,5) (1,2,3,5,6,7) (0,6,7) (0,3,7) (0,1,3,4,6,7) {40,59,26,57,44,46,48,63}
[..#...#.] (0,1,3,7) (2,3,4,5,6,7) (1,3,4,5,6) (0,1,3,5,6,7) (0,1,3,4,6,7) (2,5) {30,47,22,62,38,49,48,45}
[##..#.#.] (2,4,6,7) (0,2,3,6,7) (0,2,4) (0,4,5,6) (0,1,3,4,5) (0,1,3,4,5,6) (1,3,4,5,6) (2,3,4,5,6,7) {30,25,25,41,52,43,54,21}
[##.#..#..#] (0,2,5,7,8) (0,1,2,3,6,7,8,9) (0,1,2,5,6) (0,1,3,4,5,6,8,9) (2,5,8) (0,1,4,5,6,8,9) (4,9) (0,1,3,4,5,6,7,8) (3,4) (0,1,2,3,4,5,6,8) (0,1,2,3,4,6,7) (1,3,6) {101,83,75,76,78,94,83,62,97,46}
[.#..###.#] (4,5,7) (2,6) (0,1,3,5) (0,1,7,8) (0,1,2,3,4,6,7) (6,8) (0,3,4,5,8) (0,1,4) (3,5,7,8) (1,2,6) {177,46,28,157,161,159,44,19,157}
[##.#..] (3,5) (3) (3,4) (1,2) (0,1,2) (1,4) (2,4) (0,2,4,5) {20,30,30,175,19,150}
[##...#] (0,2,5) (3,4) (1,2) (0,1,2,3) (0,1,2,3,4,5) {44,44,54,36,18,26}
[..##] (1,3) (0,1) (1) (1,2,3) (0,3) (2,3) {19,39,32,54}
[#.#.##...#] (1,8,9) (1,2,5,8) (1,5) (0,2,4,6,9) (2,3,4,5,8) (0,2,4,5,6,7,9) (3,6) (6,8) (0,2,3,5,7,9) (2,6) (0,1,2,3,4,5,7,8) {45,40,91,40,44,69,52,37,67,30}
[.###.#....] (0,1,2,3,4,5,6,8,9) (1,3,7,8) (0,4,7,8,9) (0,5) (2,3,5,6) (0,2,4,5,7,8,9) (2,4,5,6,7,8,9) (1,6,7,9) (1,3) {57,149,72,47,60,87,170,161,61,178}
[.#.##] (3,4) (0,4) (2) (4) (0,1,2,3) (0) (0,1,2) {34,22,36,26,22}
[.#..###.#] (0,3,4,5,7) (0,1,2,4,5) (2,4,7) (2,3,4,5,6,7,8) (1,2,3,6,7,8) (1,2,4,6,8) (0,2,5,7,8) {138,37,170,42,58,155,45,158,160}
[#...##] (1,3) (0,5) (0,3,4) (1,2,3,4) (1,2) (0,1,2,4,5) (0,2) {19,31,31,30,29,5}
[#....##] (0,1,2,3,5) (2,4,5) (4,5) (1,3,6) (0,1,2,3,6) {5,21,13,21,15,20,16}
[.#..#..##] (0,1,2,3,4,6,7) (0,1,3,5,7,8) (0,1,4,7,8) (0,3,4,5,6,7,8) (0,5,6,7,8) (1,2,3,4,6,7,8) (1,2,5,7) (2,3) (3,4,5,7) (0,2,4,5,6,8) {38,55,34,47,54,44,26,79,35}
[.##..] (0,1,2,3,4) (1,3,4) (0,1) (0,1,2,4) {30,38,23,11,31}
[#....#.] (2,5) (0,4) (0,3,4,6) (0,2,3,5,6) (0,3,4) (0,1,5) (0,3,5) (1,3,4,5,6) (3,4,6) {50,37,34,54,38,71,41}
[...#.#] (0,1,3) (0,1,5) (0,2,3) (0,2,5) (0,2,3,5) (0) (2) (0,4) {69,29,19,25,9,22}
[..#.#..#.] (2,3,4,5,6,7,8) (0,1,2,3,4,8) (0,3,4,5,6,7) (1,3,5,6,7,8) (1,3,4,5,7) (1,4) (0,1,2,5,8) (3) (0,2) (2,3,5,7) (0,1,2,4,5,7) {39,60,64,97,73,97,41,87,43}
[....#.##..] (0,3,4,5) (1,4) (0,1,7) (1,4,6,7,9) (0,3,4) (0,2,3,4,7,8,9) (0,1,4,7,8,9) (0,2,4,5,6,7,8) (2,6,8) (0,2,4,9) {52,26,41,18,74,27,39,38,27,38}
[#.###..] (3,4,6) (2,5) (3) (1,2,3,5,6) (0,3,4,5) {16,0,3,38,34,19,18}
[.#.#.#.#.#] (4,5) (0,1,2,3,4,6,7,9) (1,2) (0,2) (0,2,3,4,5,6,7,8,9) (3,5) (0,1,3,4,7,8,9) (0,1,2,4,6,8) (1,3,4,5,7,8) (2,7) (2,3,7) {44,51,57,58,58,27,24,59,28,38}
[##..#.] (2,4) (0,2,3,5) (0,5) (0,1,4,5) (1,2,3,4,5) (0,1,5) {65,41,32,20,35,73}
[###..##.] (0,2,4) (3,4) (1,2,4,5,6) (0,1,3,4) (0,1,2,7) (5,6) (0,1,2,3,6,7) (2,3,5) {52,63,67,40,37,158,170,37}
[#.###...##] (5,8) (0,2,4,7) (2,3,5,8,9) (0,1,4) (5,6) (3,4,5,7,9) (1,3,5,6,8,9) (3,5) (0,1,2,3,4,9) (2,5,6,7,9) (2) (0,5,6,7) {57,50,39,46,42,62,49,35,21,52}
[####] (1,2,3) (0,1,2) (0,1) (1,2) (0,3) {37,42,22,27}
[.#.#####] (1,2,3,4,5,7) (0,1,2,7) (0,2,5,6,7) (3,5) (0,2,3,4,5,6) (1,5) (0,1,4) (1,3,4,5,7) (0,1,2,5,6,7) {186,194,194,52,54,85,42,190}
[#....#] (2,3,4,5) (0,1,3,4,5) (0,1,2,3) (4,5) (0,5) (1,2) {35,48,46,41,46,53}
[####.] (0,3) (0,1,2,4) (0,1,2,3) {8,5,5,4,4}
[#....#.] (0,6) (0,4) (0,1,2,4,5) (0,1,2,3,4) (0,1,3,4,5) (0,1,3,5,6) (2,4) (1,2,3,4,5,6) (0,2,3,4) {95,73,64,70,97,65,33}
[...#..#.##] (7,9) (2,3,4) (0,1,2,4,5,7,9) (0,5,6,9) (3,6,8,9) (0,1,9) (0,2,3,8,9) (2,5,9) {33,22,29,24,24,25,20,28,15,60}
[.#.#] (0,1,2) (1,3) {18,24,18,6}
[.#######] (2,3,4,6) (1,5) (0,3) (1,3,5,6) (0,1,4,6,7) (0,1,7) (2,3,4,5) {43,35,20,35,38,16,29,30}
[#.##.#] (0,1,3,4) (0,2,5) (0,2,4,5) (3,4) (0,1,2,4) {27,15,13,20,24,12}
[..#..##.] (3,4,5,6) (1,3,4,5,6,7) (2,5,6) (1,2,3,7) (2,3,4,5,6) (1,6) (0,1,2,3,4,6) (2) (2,4) (1,5) {4,49,68,57,44,43,56,28}
[.#.#..#.##] (6,7,8,9) (0,1,2,4,5,7,8,9) (3,4,5,6,7) (0,2,3,5,9) (4,5,6,7,8,9) (0,1,2,3,5,6,7,8) (1,4,6,8) (0,1,2,3,4,5,9) (0,2,4,5,6,8) {72,44,72,40,47,77,60,61,76,61}
[##..#] (3) (1,2) (2,3) (0,3,4) {19,8,18,36,19}
[.##..##] (3) (1,3) (0,2,3,4) (0,2,3,5,6) (1,4) (1,2,4,5,6) (1,3,5) (1,6) (0,1,2,3,5) {36,69,53,72,47,45,37}
[##..#..#] (2,7) (0,1,3,4,5) (0,1,2,4,5,6,7) (1,2,3,4,5,6,7) (0,2,5) (1,3,6,7) {189,74,204,56,56,209,56,69}
[#.##.] (1,3,4) (3,4) (0,1) (0,3) (2,3) (0,4) {12,16,10,31,25}
[.#..#] (1,4) (0,2,3) (1,2) {13,6,17,13,2}
[.######.#] (2,3,5,8) (0,1,4,5,6) (1,2,5,6,7,8) (1,2,7) (0,1,6,7) (0,1,2,4,6,7,8) (0,1,2,4,6,8) (1,4,6,7) {57,224,63,17,203,42,223,193,62}
[..#######] (2,3,4) (0,1,3,4,5,7,8) (1,2,3,4,6,7,8) (1,2,3,7) (4,5,7,8) (0,3,4,6,7) (0,1,2,4,5,7,8) {27,46,36,49,65,45,10,64,55}
[..##] (2,3) (0,2) (0,1,2) (1,2) {32,31,53,10}
[####...###] (2,3,4,5,7,9) (0,2,3,4,6,7,8,9) (1,6,7) (0,4,6,7,8) (1,3,4,6,8) (4,5,6) (0,7) (1,3,4,5,6,7,8,9) (0,2,3,5) (0,2,4,7,8) {48,42,23,40,83,35,76,75,64,21}
[#.#.#..#] (3,4,6) (0,2,3,4,5,6) (0,6) (0,1,2,3,4,5,6) (0,1,2,3,4,5,6,7) (1,2,3) {55,32,50,205,202,47,210,11}
[..#.###.#] (0,3,4,7) (5,8) (0,1,3,4,7) (0,3,6,7,8) (0,1,3,4,5,6,7) (0,1,3,4,5,6,7,8) (0,1,3,4,6,8) (1,2,4,5,6,7,8) (0,1,2,3,4,5) (0,1,3,5,6,7) {80,75,21,80,71,66,52,65,46}
[#...#] (1,2) (2,3) (0,2,3) (1) (2,3,4) {4,12,8,7,0}
[.####..#.] (0,2,3,6,7,8) (1,2,7,8) (1,4,5,6,8) (0,1,4,8) (0,1,3,4,7) (1,2) (0,2,3,4,5,6,7,8) (0,1,3,5,6,7,8) (0) (0,1,2,4,5) (0,1,3,4,6,7,8) {83,77,51,45,68,48,59,54,87}
[..##.###] (3,4,6,7) (6,7) (5,6) (0,1,4,5) (2,4,6) (0,2,6,7) (0,2,3,5,6,7) (3,6) {160,5,163,20,17,21,190,178}
[.#.##] (0,1,2,4) (0,1,3,4) (0,1,2) (1,3) {165,180,12,168,160}
[#.#.##..] (1,2,4,6) (0,1,2,5,6) (3,4) (3,5,6) (2,3) (2,4,6,7) (1,2,4,6,7) (1,3,4,5,6) (0,2,3,5) {30,47,77,60,49,50,60,15}
[#.##] (0,1,3) (1,2) (0,2,3) {20,32,20,20}
[.#..#.] (0,3) (0,1,3,4,5) (2,3,4,5) (1,3,4,5) (0,1,5) (0,3,4,5) {35,19,19,53,45,54}
[#...##.#] (0,2,3,5,7) (1,3,5) (0,4,5,7) (0,1,3,6,7) (2,3,4,5,6,7) (0,2,3,4,5,7) (4,5) {50,32,33,65,36,63,32,64}
[##..#] (0,1,3) (0,2,3) (0,1,4) (2,3,4) {25,19,24,39,22}
[#######.] (0,5,7) (0,3,5,7) (0,3) (1,2,3,4,5,6,7) (0,1,2,5,6,7) (1,2,3,5,6) (0,2,3,6,7) {57,128,146,168,13,145,146,53}
[##.##.###.] (2,9) (0,2,3,5,6,7,8,9) (4,5,6) (4,7) (0,5,7) (0,3,4,6) (0,3,4,5,7,9) (1,3,5,8,9) (3,4,9) (0,1,2,3,4,6,7,8,9) (0,1,2,4,5,6,8,9) (0,1,4,5,7,8) (0,1,2,6,7,8,9) {57,40,22,44,66,65,47,36,41,43}
[#.#.##...] (5,7) (0,1,4,5,6) (2,4,6,7) (3) (1,4) (1,2,3,5,7) (0,8) (0,2,4,6,8) {28,21,20,5,39,7,23,7,24}
[...#] (0,3) (0,1) (0) (2) (2,3) (0,1,2) {128,112,132,18}
[#.#.] (0,2,3) (0,3) (3) (1,3) (0,2) {18,8,16,18}
[#..#.] (1,2) (1,3) (0,2,3) (0,3,4) (0,3) (0,1,2,4) {26,28,39,31,6}
[...#.#] (0,4,5) (0,1,4,5) (2,4) (3,5) {15,14,16,4,31,19}
[..##] (1,3) (0,1) (0,1,3) (1,2) {26,50,6,34}
[#.#.] (1,3) (0,1,3) (1,2) (2,3) (0,2) {16,29,13,32}
[###.#.] (0,3,5) (1,3) (0,1) (1,2,4,5) (0,1,2,4,5) {43,66,35,27,35,46}
[####..] (0,1,2,5) (0,1,2,3) (0,2,3,4,5) (1,4) (2,4,5) {13,29,21,10,30,14}
[#.###.] (2,3,5) (0,4,5) (1,3,4,5) (2,3,4,5) {20,3,15,18,26,38}
[.#..#.##] (0,1,2,3,4,6,7) (1,2,4,5,6) (0,2,3,4,7) (0,1,3,5,6) (1,2,3,4,6) (0,1,2,3,6) (0,1,2,3,5,7) (4,7) (1,2,4,5,7) (3) {56,64,67,62,67,44,49,58}
[##.#] (2,3) (0,1,2) (0,1,3) {29,29,120,115}
[....#.] (0,4) (1,3,5) (0,3) (1,2) (0,3,5) (1,4) (2,3) (0,3,4,5) {54,35,24,52,44,31}
[###.###.#.] (6) (1,5,7) (5,8) (0,1,2,5,7,8) (0) (0,1,6,8,9) (2,3,4,5,7,8,9) (0,1,2,3,4,5,6,7) (0,2,4,5,6,7,8,9) (1,2,7,8,9) (0,1,3,8) (5) (0,1,3,4,5,6) {76,69,51,28,37,86,49,63,71,44}
[..#.##] (2,4,5) (0,3,4,5) (1,5) (0,4) (2,3,4) (1,3,5) (1,2) {4,24,32,23,25,31}
[##....##.] (1,2,6) (1,4,8) (0,2,3) (0,3,4,5,6,7,8) (0,1,3,5,8) (1,2,3,4,5,6,7) (0,1,6,7) {40,76,41,37,29,28,49,29,31}
[##.###..] (0,2,6) (0,1,2,3) (2,4,5,7) (0,7) (1) (0,2,6,7) (0,2,4,5,6,7) (0,3,4,5,6,7) {87,27,69,30,38,38,47,66}
[##.###.##.] (1,2,3,4,5,6,7,8,9) (0,1,2,3,4,7,8,9) (1,2,3,5,6,7,8,9) (2,4,8,9) (0,1,2,4,6,7,8,9) (0,1,2,3,4,5,8,9) (0,1,2,4,5,6,7,9) (1,6,7) (0,1,2,3,4,5,7,8) (5,7) (6,9) (7,9) {17,47,47,18,44,35,61,84,47,83}
[.#.##] (0,1,4) (0,3) (1,2,3) {21,27,12,18,15}
[#.###...##] (0,2,3,5,7,9) (0,1,2,3,6,7,8) (1,2,8,9) (1,2,3,4) (0,1,4,7,8,9) (2,3,5,6,7,8,9) (6,7) (0,3,4,5,6,7,8,9) (1,2,5,6,7,8,9) (3,9) (1,3,4) {44,66,52,74,51,34,58,78,82,90}
[##.##] (1,4) (0,2) (2) (1,3,4) (1,3) {13,55,29,40,35}
[.##....#.] (1,2,8) (0,1,3,5) (2,6,7) (0,1,2,4,5,6,7) (0,3,5,7,8) (1,4,8) (2,4,6) (3,4,6,7,8) (0,1,2,3,5,8) (0,4,5,6) (2,3,4,6,8) {54,49,57,46,71,54,62,46,70}
[####...##] (0) (4,5) (1,2,5,6) (3,6) (0,1,2,3,6,7,8) (0,1,2,3,4,5) (1,2,4,5,6,7,8) (6) (1,3,4,5,6) (4,5,6) (1,2,3,4,7,8) {131,53,47,46,42,41,61,30,30}
[...#..] (1,2,3,4,5) (0,1,2,3,5) (0,3,4) (2,3,4,5) {40,31,46,66,46,46}
[##.##.#.#.] (1,3,8,9) (3,4,8) (0,3,4,5,6,8,9) (5,6) (1,5,9) (4,6,7) (1,2,3,4,5,6,7) (3,4,5,7,8,9) (0,1,2,4,8) (2,4) (0,3,6,7) {25,61,47,76,93,56,25,32,81,59}
[#..##.#] (0,1,2,4) (0,4,6) (1) (0,6) (0,4,5,6) (0,2,4) (1,2,4,5,6) (0,1,2,3,4,5) (0,2,3) {51,25,26,5,52,28,47}
[.##.#.#] (0,1,6) (0,2,3,5,6) (1,3,5,6) (0,1,2,5,6) (2,5,6) (1,3,4) (0,4,5) (1,4,5) {40,51,32,50,41,71,51}
[#..##....#] (0,1,3,5,6,7,8,9) (6,9) (1,2,3,5,6,8,9) (4,5,7) (0,1,2,3,5,7,8,9) (0,6,8) (0,1,4,5,6,7,8,9) (0,3,6,7,8) (0,6) (0,2,3,4,5,7,9) (0,2,3,5,6,8) (0,1,2,4,6,7,8) (1,2,4,9) {105,34,57,71,29,51,78,65,74,57}
